2003/1
[0, [0, 0, 0]]

2003/2
[0, [0, 0, 0]]

2003/3
[0, [0, 0, 0]]

2003/4
[0, [0, 0, 0]]

2003/5
[0, [0, 0, 0]]

2003/6
[0, [0, 0, 0]]

2003/7
[0, [0, 0, 0]]

2003/8
[0, [0, 0, 0]]

2003/9
[0, [0, 0, 0]]

2003/10
[0, [0, 0, 0]]

2003/11
[0, [0, 0, 0]]

2003/12
[0, [0, 0, 0]]

2004/1
[0, [0, 0, 0]]

2004/2
[0, [0, 0, 0]]

2004/3
[0, [0, 0, 0]]

2004/4
[0, [0, 0, 0]]

2004/5
[0, [0, 0, 0]]

2004/6
[0, [0, 0, 0]]

2004/7
[0, [0, 0, 0]]

2004/8
[0, [0, 0, 0]]

2004/9
[0, [0, 0, 0]]

2004/10
[0, [0, 0, 0]]

2004/11
[0, [0, 0, 0]]

2004/12
[0, [0, 0, 0]]

2005/1
[0, [0, 0, 0]]

2005/2
[0, [0, 0, 0]]

2005/3
[0, [0, 0, 0]]

2005/4
[0, [0, 0, 0]]

2005/5
[0, [0, 0, 0]]

2005/6
[0, [0, 0, 0]]

2005/7
[0, [0, 0, 0]]

2005/8
[0, [0, 0, 0]]

2005/9
[0, [0, 0, 0]]

2005/10
[0, [0, 0, 0]]

2005/11
[0, [0, 0, 0]]

2005/12
[0, [0, 0, 0]]

2006/1
[0, [0, 0, 0]]

2006/2
[0, [0, 0, 0]]

2006/3
[0, [0, 0, 0]]

2006/4
[3, [1, 0, 2]]

2006/5
[0, [0, 0, 0]]

2006/6
[0, [0, 0, 0]]

2006/7
[2, [0, 0, 2]]

2006/8
[1, [0, 0, 1]]

2006/9
[0, [0, 0, 0]]

2006/10
[0, [0, 0, 0]]

2006/11
[0, [0, 0, 0]]

2006/12
[0, [0, 0, 0]]

2007/1
[1, [1, 0, 0]]

2007/2
[0, [0, 0, 0]]

2007/3
[0, [0, 0, 0]]

2007/4
[0, [0, 0, 0]]

2007/5
[0, [0, 0, 0]]

2007/6
[0, [0, 0, 0]]

2007/7
[0, [0, 0, 0]]

2007/8
[0, [0, 0, 0]]

2007/9
[0, [0, 0, 0]]

2007/10
[0, [0, 0, 0]]

2007/11
[0, [0, 0, 0]]

2007/12
[0, [0, 0, 0]]

2008/1
[0, [0, 0, 0]]

2008/2
[2, [2, 0, 0]]

2008/3
[0, [0, 0, 0]]

2008/4
[0, [0, 0, 0]]

2008/5
[0, [0, 0, 0]]

2008/6
[0, [0, 0, 0]]

2008/7
[0, [0, 0, 0]]

2008/8
[5, [2, 0, 3]]

2008/9
[0, [0, 0, 0]]

2008/10
[0, [0, 0, 0]]

2008/11
[2, [0, 1, 1]]

2008/12
[0, [0, 0, 0]]

2009/1
[0, [0, 0, 0]]

2009/2
[0, [0, 0, 0]]

2009/3
[0, [0, 0, 0]]

2009/4
[0, [0, 0, 0]]

2009/5
[0, [0, 0, 0]]

2009/6
[0, [0, 0, 0]]

2009/7
[0, [0, 0, 0]]

2009/8
[2, [2, 0, 0]]

2009/9
[5, [4, 0, 1]]

2009/10
[0, [0, 0, 0]]

2009/11
[0, [0, 0, 0]]

2009/12
[1, [1, 0, 0]]

2010/1
[0, [0, 0, 0]]

2010/2
[1, [0, 0, 1]]

2010/3
[0, [0, 0, 0]]

2010/4
[0, [0, 0, 0]]

2010/5
[1, [0, 0, 1]]

2010/6
[3, [1, 0, 2]]

2010/7
[7, [3, 1, 3]]

2010/8
[5, [1, 0, 4]]

2010/9
[0, [0, 0, 0]]

2010/10
[3, [3, 0, 0]]

2010/11
[4, [1, 1, 2]]

2010/12
[1, [1, 0, 0]]

2011/1
[18, [11, 0, 7]]

2011/2
[4, [3, 0, 1]]

2011/3
[22, [11, 1, 10]]

2011/4
[10, [5, 0, 5]]

2011/5
[19, [8, 0, 11]]

2011/6
[3, [3, 0, 0]]

2011/7
[8, [8, 0, 0]]

2011/8
[15, [8, 0, 7]]

2011/9
[9, [7, 1, 1]]

2011/10
[5, [4, 0, 1]]

2011/11
[10, [5, 1, 4]]

2011/12
[4, [1, 0, 3]]

2012/1
[8, [5, 0, 3]]

2012/2
[6, [3, 0, 3]]

2012/3
[8, [6, 1, 1]]

2012/4
[7, [4, 1, 2]]

2012/5
[8, [5, 0, 3]]

2012/6
[13, [4, 0, 9]]

2012/7
[8, [7, 0, 1]]

2012/8
[12, [5, 1, 6]]

2012/9
[9, [2, 0, 7]]

2012/10
[4, [1, 0, 3]]

2012/11
[5, [2, 0, 3]]

2012/12
[3, [1, 0, 2]]

2013/1
[22, [11, 4, 7]]

2013/2
[12, [9, 0, 3]]

2013/3
[10, [7, 0, 3]]

2013/4
[6, [3, 0, 3]]

2013/5
[4, [2, 0, 2]]

2013/6
[9, [2, 1, 6]]

2013/7
[12, [5, 0, 7]]

2013/8
[5, [2, 1, 2]]

2013/9
[9, [5, 1, 3]]

2013/10
[3, [3, 0, 0]]

2013/11
[6, [2, 1, 3]]

2013/12
[6, [2, 1, 3]]

2014/1
[18, [9, 0, 9]]

2014/2
[4, [3, 0, 1]]

2014/3
[13, [6, 0, 7]]

2014/4
[3, [3, 0, 0]]

2014/5
[2, [2, 0, 0]]

2014/6
[13, [7, 0, 6]]

2014/7
[25, [17, 0, 8]]

2014/8
[15, [7, 0, 8]]

2014/9
[10, [5, 0, 5]]

2014/10
[17, [9, 1, 7]]

2014/11
[12, [5, 1, 6]]

2014/12
[8, [3, 3, 2]]

2015/1
[7, [2, 1, 4]]

2015/2
[8, [2, 0, 6]]

2015/3
[8, [6, 0, 2]]

2015/4
[19, [8, 0, 11]]

2015/5
[6, [5, 0, 1]]

2015/6
[19, [11, 0, 8]]

2015/7
[10, [5, 0, 5]]

2015/8
[11, [6, 1, 4]]

2015/9
[15, [9, 0, 6]]

2015/10
[10, [6, 0, 4]]

2015/11
[22, [11, 1, 10]]

2015/12
[17, [6, 2, 9]]

2016/1
[10, [6, 2, 2]]

2016/2
[12, [6, 1, 5]]

2016/3
[19, [10, 0, 9]]

2016/4
[14, [6, 0, 8]]

2016/5
[32, [14, 0, 18]]

2016/6
[25, [17, 0, 8]]

2016/7
[25, [13, 3, 9]]

2016/8
[33, [21, 2, 10]]

2016/9
[35, [17, 0, 18]]

2016/10
[11, [7, 0, 4]]

2016/11
[33, [13, 3, 17]]

2016/12
[21, [11, 0, 10]]

2017/1
[18, [12, 0, 6]]

2017/2
[37, [21, 2, 14]]

2017/3
[30, [24, 0, 6]]

2017/4
[19, [8, 0, 11]]

2017/5
[17, [10, 2, 5]]

2017/6
[25, [13, 2, 10]]

2017/7
[10, [7, 0, 3]]

2017/8
[32, [14, 3, 15]]

2017/9
[30, [12, 4, 14]]

2017/10
[21, [11, 1, 9]]

2017/11
[14, [6, 2, 6]]

2017/12
[3, [2, 0, 1]]

2018/1
[13, [7, 4, 2]]

2018/2
[18, [8, 1, 9]]

2018/3
[7, [4, 1, 2]]

2018/4
[6, [4, 1, 1]]

2018/5
[9, [6, 2, 1]]

2018/6
[6, [3, 1, 2]]

2018/7
[18, [8, 6, 4]]

2018/8
[12, [5, 1, 6]]

2018/9
[10, [2, 5, 3]]

2018/10
[8, [8, 0, 0]]

2018/11
[9, [6, 1, 2]]

2018/12
[27, [14, 5, 8]]

2019/1
[30, [17, 3, 10]]

2019/2
[18, [8, 5, 5]]

2019/3
[17, [9, 5, 3]]

2019/4
[16, [8, 3, 5]]

2019/5
[22, [9, 5, 8]]

2019/6
[14, [6, 4, 4]]

2019/7
[13, [8, 1, 4]]

2019/8
[0, [0, 0, 0]]

2019/9
[0, [0, 0, 0]]

2019/10
[0, [0, 0, 0]]

2019/11
[0, [0, 0, 0]]

2019/12
[0, [0, 0, 0]]

